47

2 1 1 22 25
2 1 1 12 21
2 1 1 4 21
2 1 1 14 17
2 1 1 23 17
2 1 1 4 13
2 1 1 9 13
2 1 1 23 9
2 1 1 6 5
2 1 1 23 28
0 20 1 0 29
0 8 1 20 28
0 13 1 12 25
0 13 1 0 24
0 12 1 2 21
0 14 1 14 20
0 13 1 13 17
0 14 1 0 16
0 13 1 2 13
0 14 1 14 12
0 4 1 22 9
0 23 1 0 8
0 6 1 12 4
0 2 4 0 4
0 2 2 2 27
1 3 4 2 4
1 2 2 5 6
1 2 1 5 4
1 1 1 18 7
1 1 1 19 11
1 1 1 3 12
1 1 1 14 19
1 1 1 13 24
1 1 1 23 24
1 1 1 2 26
100 4 3 12 1
101 1 1 2 11
101 1 1 25 7
101 1 2 16 2
101 1 1 14 11
101 1 1 11 15
102 1 1 25 15
102 1 1 2 19
102 1 1 24 24
102 1 1 13 23
102 1 1 9 20

flameGuy 3 26 1 0
rollingBarrel 13 12 1 2
fallingBarrel 23 18 1 2
DonkeyKong 5 5 2 0
Kamek 17 1 1 1

28 30 5 28 1
