69

0 4 3 1 1
0 4 3 21 1
0 5 3 6 1
0 5 3 15 1
0 4 2 1 5
0 4 2 21 5
0 2 8 6 5
0 2 8 18 5
0 3 2 8 8
0 3 2 15 8
0 2 3 12 7
0 8 5 9 11
0 5 5 0 8
0 5 5 0 14
0 5 5 21 8
0 5 5 21 14
0 2 5 18 14
0 2 5 6 14
0 8 2 9 17
0 2 3 12 19
0 5 2 6 20
0 5 2 15 20
0 8 2 9 23
0 2 3 12 25
0 2 3 6 23
0 2 3 18 23
0 2 5 3 20
0 2 5 21 20
0 2 2 1 20
0 2 2 23 20
0 2 2 0 23
0 2 2 24 23
0 10 2 15 26
0 10 2 1 26
0 8 2 9 5
0 2 4 12 0
1 2 1 12 16
1 1 1 25 3
1 1 1 0 1
1 2 1 12 10
2 1 1 4 13
2 1 1 21 13
2 1 1 14 27
2 1 1 11 27
2 1 1 11 3
2 1 1 14 3
101 1 1 25 22
101 1 1 0 22
101 1 1 0 2
101 1 1 25 2
102 1 1 11 16
102 1 1 14 16
102 1 1 11 10
102 1 1 14 10
100 1 26 5 0
100 1 26 20 0
100 6 1 6 22
100 6 1 14 22
100 12 1 0 19
100 12 1 14 19
100 26 1 0 28
100 26 1 0 0
100 1 2 11 20
100 1 2 14 20
100 1 8 25 20
100 1 8 0 20
100 26 1 0 25
100 26 1 0 4
100 26 1 0 7

blinky 14 2 2 2
clyde 11 2 2 2
pinky 17 10 1 0
inky 8 10 1 0

26 29 13 22 0