43

1 1 1 6 11
1 1 1 8 11
1 1 1 14 11
1 1 1 16 11
1 1 1 20 11
1 1 1 6 9
1 1 1 8 9
1 1 1 12 9
1 1 1 14 9
1 1 1 16 9
1 1 1 20 9
1 1 1 2 7
1 1 1 4 7
1 1 1 6 7
1 1 1 8 7
1 1 1 10 7
1 1 1 12 7
1 1 1 14 7
1 1 1 16 7
1 1 1 20 7
1 1 1 2 5
1 1 1 4 5
1 1 1 6 5
1 1 1 8 5
1 1 1 10 5
1 1 1 12 5
1 1 1 14 5
1 1 1 16 5
1 1 1 18 5
1 1 1 20 5
1 1 1 2 3
1 1 1 4 3
1 1 1 6 3
1 1 1 8 3
1 1 1 10 3
1 1 1 12 3
1 1 1 14 3
1 1 1 16 3
1 1 1 18 3
1 1 1 20 3
100 1 1 11 17
100 1 1 15 13
100 1 1 4 11

greenAlien 18 10 5 2
pinkAlien 5 11 5 0
blueAlien 14 13 5 0

23 21 11 19
